#t              x              y             vx             vy
0              1              9              1             99
0.01           1.01        9.98951              1         98.902
0.02           1.02         10.978              1         98.804
0.03           1.03        11.9656              1         98.706
0.04           1.04        12.9522              1         98.608
0.05           1.05        13.9378              1          98.51
0.06           1.06        14.9224              1         98.412
0.07           1.07         15.906              1         98.314
0.08           1.08        16.8886              1         98.216
0.09           1.09        17.8703              1         98.118
0.1            1.1         18.851              1          98.02
0.11           1.11        19.8307              1         97.922
0.12           1.12        20.8094              1         97.824
0.13           1.13        21.7872              1         97.726
0.14           1.14         22.764              1         97.628
0.15           1.15        23.7398              1          97.53
0.16           1.16        24.7146              1         97.432
0.17           1.17        25.6884              1         97.334
0.18           1.18        26.6612              1         97.236
0.19           1.19        27.6331              1         97.138
0.2            1.2         28.604              1          97.04
0.21           1.21        29.5739              1         96.942
0.22           1.22        30.5428              1         96.844
0.23           1.23        31.5108              1         96.746
0.24           1.24        32.4778              1         96.648
0.25           1.25        33.4438              1          96.55
0.26           1.26        34.4088              1         96.452
0.27           1.27        35.3728              1         96.354
0.28           1.28        36.3358              1         96.256
0.29           1.29        37.2979              1         96.158
0.3            1.3         38.259              1          96.06
0.31           1.31        39.2191              1         95.962
0.32           1.32        40.1782              1         95.864
0.33           1.33        41.1364              1         95.766
0.34           1.34        42.0936              1         95.668
0.35           1.35        43.0498              1          95.57
0.36           1.36         44.005              1         95.472
0.37           1.37        44.9592              1         95.374
0.38           1.38        45.9124              1         95.276
0.39           1.39        46.8647              1         95.178
0.4            1.4         47.816              1          95.08
0.41           1.41        48.7663              1         94.982
0.42           1.42        49.7156              1         94.884
0.43           1.43         50.664              1         94.786
0.44           1.44        51.6114              1         94.688
0.45           1.45        52.5578              1          94.59
0.46           1.46        53.5032              1         94.492
0.47           1.47        54.4476              1         94.394
0.48           1.48         55.391              1         94.296
0.49           1.49        56.3335              1         94.198
0.5            1.5         57.275              1           94.1
0.51           1.51        58.2155              1         94.002
0.52           1.52         59.155              1         93.904
0.53           1.53        60.0936              1         93.806
0.54           1.54        61.0312              1         93.708
0.55           1.55        61.9678              1          93.61
0.56           1.56        62.9034              1         93.512
0.57           1.57         63.838              1         93.414
0.58           1.58        64.7716              1         93.316
0.59           1.59        65.7043              1         93.218
0.6            1.6         66.636              1          93.12
0.61           1.61        67.5667              1         93.022
0.62           1.62        68.4964              1         92.924
0.63           1.63        69.4252              1         92.826
0.64           1.64         70.353              1         92.728
0.65           1.65        71.2798              1          92.63
0.66           1.66        72.2056              1         92.532
0.67           1.67        73.1304              1         92.434
0.68           1.68        74.0542              1         92.336
0.69           1.69        74.9771              1         92.238
0.7            1.7         75.899              1          92.14
0.71           1.71        76.8199              1         92.042
0.72           1.72        77.7398              1         91.944
0.73           1.73        78.6588              1         91.846
0.74           1.74        79.5768              1         91.748
0.75           1.75        80.4938              1          91.65
0.76           1.76        81.4098              1         91.552
0.77           1.77        82.3248              1         91.454
0.78           1.78        83.2388              1         91.356
0.79           1.79        84.1519              1         91.258
0.8            1.8         85.064              1          91.16
0.81           1.81        85.9751              1         91.062
0.82           1.82        86.8852              1         90.964
0.83           1.83        87.7944              1         90.866
0.84           1.84        88.7026              1         90.768
0.85           1.85        89.6098              1          90.67
0.86           1.86         90.516              1         90.572
0.87           1.87        91.4212              1         90.474
0.88           1.88        92.3254              1         90.376
0.89           1.89        93.2287              1         90.278
0.9            1.9         94.131              1          90.18
0.91           1.91        95.0323              1         90.082
0.92           1.92        95.9326              1         89.984
0.93           1.93         96.832              1         89.886
0.94           1.94        97.7304              1         89.788
0.95           1.95        98.6278              1          89.69
0.96           1.96        99.5242              1         89.592
0.97           1.97         100.42              1         89.494
0.98           1.98        101.314              1         89.396
0.99           1.99        102.208              1         89.298
1              2          103.1              1           89.2
1.01           2.01        103.992              1         89.102
1.02           2.02        104.882              1         89.004
1.03           2.03        105.772              1         88.906
1.04           2.04         106.66              1         88.808
1.05           2.05        107.548              1          88.71
1.06           2.06        108.434              1         88.612
1.07           2.07         109.32              1         88.514
1.08           2.08        110.205              1         88.416
1.09           2.09        111.088              1         88.318
1.1            2.1        111.971              1          88.22
1.11           2.11        112.853              1         88.122
1.12           2.12        113.733              1         88.024
1.13           2.13        114.613              1         87.926
1.14           2.14        115.492              1         87.828
1.15           2.15         116.37              1          87.73
1.16           2.16        117.247              1         87.632
1.17           2.17        118.122              1         87.534
1.18           2.18        118.997              1         87.436
1.19           2.19        119.871              1         87.338
1.2            2.2        120.744              1          87.24
1.21           2.21        121.616              1         87.142
1.22           2.22        122.487              1         87.044
1.23           2.23        123.357              1         86.946
1.24           2.24        124.226              1         86.848
1.25           2.25        125.094              1          86.75
1.26           2.26        125.961              1         86.652
1.27           2.27        126.827              1         86.554
1.28           2.28        127.692              1         86.456
1.29           2.29        128.556              1         86.358
1.3            2.3        129.419              1          86.26
1.31           2.31        130.281              1         86.162
1.32           2.32        131.142              1         86.064
1.33           2.33        132.002              1         85.966
1.34           2.34        132.862              1         85.868
1.35           2.35         133.72              1          85.77
1.36           2.36        134.577              1         85.672
1.37           2.37        135.433              1         85.574
1.38           2.38        136.288              1         85.476
1.39           2.39        137.143              1         85.378
1.4            2.4        137.996              1          85.28
1.41           2.41        138.848              1         85.182
1.42           2.42          139.7              1         85.084
1.43           2.43         140.55              1         84.986
1.44           2.44        141.399              1         84.888
1.45           2.45        142.248              1          84.79
1.46           2.46        143.095              1         84.692
1.47           2.47        143.942              1         84.594
1.48           2.48        144.787              1         84.496
1.49           2.49        145.632              1         84.398
1.5            2.5        146.475              1           84.3
1.51           2.51        147.318              1         84.202
1.52           2.52        148.159              1         84.104
1.53           2.53            149              1         84.006
1.54           2.54        149.839              1         83.908
1.55           2.55        150.678              1          83.81
1.56           2.56        151.515              1         83.712
1.57           2.57        152.352              1         83.614
1.58           2.58        153.188              1         83.516
1.59           2.59        154.022              1         83.418
1.6            2.6        154.856              1          83.32
1.61           2.61        155.689              1         83.222
1.62           2.62         156.52              1         83.124
1.63           2.63        157.351              1         83.026
1.64           2.64        158.181              1         82.928
1.65           2.65         159.01              1          82.83
1.66           2.66        159.838              1         82.732
1.67           2.67        160.664              1         82.634
1.68           2.68         161.49              1         82.536
1.69           2.69        162.315              1         82.438
1.7            2.7        163.139              1          82.34
1.71           2.71        163.962              1         82.242
1.72           2.72        164.784              1         82.144
1.73           2.73        165.605              1         82.046
1.74           2.74        166.425              1         81.948
1.75           2.75        167.244              1          81.85
1.76           2.76        168.062              1         81.752
1.77           2.77        168.879              1         81.654
1.78           2.78        169.695              1         81.556
1.79           2.79         170.51              1         81.458
1.8            2.8        171.324              1          81.36
1.81           2.81        172.137              1         81.262
1.82           2.82        172.949              1         81.164
1.83           2.83         173.76              1         81.066
1.84           2.84        174.571              1         80.968
1.85           2.85         175.38              1          80.87
1.86           2.86        176.188              1         80.772
1.87           2.87        176.995              1         80.674
1.88           2.88        177.801              1         80.576
1.89           2.89        178.607              1         80.478
1.9            2.9        179.411              1          80.38
1.91           2.91        180.214              1         80.282
1.92           2.92        181.017              1         80.184
1.93           2.93        181.818              1         80.086
1.94           2.94        182.618              1         79.988
1.95           2.95        183.418              1          79.89
1.96           2.96        184.216              1         79.792
1.97           2.97        185.014              1         79.694
1.98           2.98         185.81              1         79.596
1.99           2.99        186.606              1         79.498
2              3          187.4              1           79.4
2.01           3.01        188.194              1         79.302
2.02           3.02        188.986              1         79.204
2.03           3.03        189.778              1         79.106
2.04           3.04        190.568              1         79.008
2.05           3.05        191.358              1          78.91
2.06           3.06        192.146              1         78.812
2.07           3.07        192.934              1         78.714
2.08           3.08        193.721              1         78.616
2.09           3.09        194.506              1         78.518
2.1            3.1        195.291              1          78.42
2.11           3.11        196.075              1         78.322
2.12           3.12        196.857              1         78.224
2.13           3.13        197.639              1         78.126
2.14           3.14         198.42              1         78.028
2.15           3.15          199.2              1          77.93
2.16           3.16        199.979              1         77.832
2.17           3.17        200.756              1         77.734
2.18           3.18        201.533              1         77.636
2.19           3.19        202.309              1         77.538
2.2            3.2        203.084              1          77.44
2.21           3.21        203.858              1         77.342
2.22           3.22        204.631              1         77.244
2.23           3.23        205.403              1         77.146
2.24           3.24        206.174              1         77.048
2.25           3.25        206.944              1          76.95
2.26           3.26        207.713              1         76.852
2.27           3.27        208.481              1         76.754
2.28           3.28        209.248              1         76.656
2.29           3.29        210.014              1         76.558
2.3            3.3        210.779              1          76.46
2.31           3.31        211.543              1         76.362
2.32           3.32        212.306              1         76.264
2.33           3.33        213.068              1         76.166
2.34           3.34         213.83              1         76.068
2.35           3.35         214.59              1          75.97
2.36           3.36        215.349              1         75.872
2.37           3.37        216.107              1         75.774
2.38           3.38        216.864              1         75.676
2.39           3.39        217.621              1         75.578
2.4            3.4        218.376              1          75.48
2.41           3.41         219.13              1         75.382
2.42           3.42        219.884              1         75.284
2.43           3.43        220.636              1         75.186
2.44           3.44        221.387              1         75.088
2.45           3.45        222.138              1          74.99
2.46           3.46        222.887              1         74.892
2.47           3.47        223.636              1         74.794
2.48           3.48        224.383              1         74.696
2.49           3.49         225.13              1         74.598
2.5            3.5        225.875              1           74.5
2.51           3.51         226.62              1         74.402
2.52           3.52        227.363              1         74.304
2.53           3.53        228.106              1         74.206
2.54           3.54        228.847              1         74.108
2.55           3.55        229.588              1          74.01
2.56           3.56        230.327              1         73.912
2.57           3.57        231.066              1         73.814
2.58           3.58        231.804              1         73.716
2.59           3.59         232.54              1         73.618
2.6            3.6        233.276              1          73.52
2.61           3.61        234.011              1         73.422
2.62           3.62        234.744              1         73.324
2.63           3.63        235.477              1         73.226
2.64           3.64        236.209              1         73.128
2.65           3.65         236.94              1          73.03
2.66           3.66         237.67              1         72.932
2.67           3.67        238.398              1         72.834
2.68           3.68        239.126              1         72.736
2.69           3.69        239.853              1         72.638
2.7            3.7        240.579              1          72.54
2.71           3.71        241.304              1         72.442
2.72           3.72        242.028              1         72.344
2.73           3.73        242.751              1         72.246
2.74           3.74        243.473              1         72.148
2.75           3.75        244.194              1          72.05
2.76           3.76        244.914              1         71.952
2.77           3.77        245.633              1         71.854
2.78           3.78        246.351              1         71.756
2.79           3.79        247.068              1         71.658
2.8            3.8        247.784              1          71.56
2.81           3.81        248.499              1         71.462
2.82           3.82        249.213              1         71.364
2.83           3.83        249.926              1         71.266
2.84           3.84        250.639              1         71.168
2.85           3.85         251.35              1          71.07
2.86           3.86         252.06              1         70.972
2.87           3.87        252.769              1         70.874
2.88           3.88        253.477              1         70.776
2.89           3.89        254.185              1         70.678
2.9            3.9        254.891              1          70.58
2.91           3.91        255.596              1         70.482
2.92           3.92        256.301              1         70.384
2.93           3.93        257.004              1         70.286
2.94           3.94        257.706              1         70.188
2.95           3.95        258.408              1          70.09
2.96           3.96        259.108              1         69.992
2.97           3.97        259.808              1         69.894
2.98           3.98        260.506              1         69.796
2.99           3.99        261.204              1         69.698
3              4          261.9              1           69.6
3.01           4.01        262.596              1         69.502
3.02           4.02         263.29              1         69.404
3.03           4.03        263.984              1         69.306
3.04           4.04        264.676              1         69.208
3.05           4.05        265.368              1          69.11
3.06           4.06        266.058              1         69.012
3.07           4.07        266.748              1         68.914
3.08           4.08        267.437              1         68.816
3.09           4.09        268.124              1         68.718
3.1            4.1        268.811              1          68.62
3.11           4.11        269.497              1         68.522
3.12           4.12        270.181              1         68.424
3.13           4.13        270.865              1         68.326
3.14           4.14        271.548              1         68.228
3.15           4.15         272.23              1          68.13
3.16           4.16        272.911              1         68.032
3.17           4.17         273.59              1         67.934
3.18           4.18        274.269              1         67.836
3.19           4.19        274.947              1         67.738
3.2            4.2        275.624              1          67.64
3.21           4.21          276.3              1         67.542
3.22           4.22        276.975              1         67.444
3.23           4.23        277.649              1         67.346
3.24           4.24        278.322              1         67.248
3.25           4.25        278.994              1          67.15
3.26           4.26        279.665              1         67.052
3.27           4.27        280.335              1         66.954
3.28           4.28        281.004              1         66.856
3.29           4.29        281.672              1         66.758
3.3            4.3        282.339              1          66.66
3.31           4.31        283.005              1         66.562
3.32           4.32         283.67              1         66.464
3.33           4.33        284.334              1         66.366
3.34           4.34        284.998              1         66.268
3.35           4.35         285.66              1          66.17
3.36           4.36        286.321              1         66.072
3.37           4.37        286.981              1         65.974
3.38           4.38         287.64              1         65.876
3.39           4.39        288.299              1         65.778
3.4            4.4        288.956              1          65.68
3.41           4.41        289.612              1         65.582
3.42           4.42        290.268              1         65.484
3.43           4.43        290.922              1         65.386
3.44           4.44        291.575              1         65.288
3.45           4.45        292.228              1          65.19
3.46           4.46        292.879              1         65.092
3.47           4.47         293.53              1         64.994
3.48           4.48        294.179              1         64.896
3.49           4.49        294.828              1         64.798
3.5            4.5        295.475              1           64.7
3.51           4.51        296.122              1         64.602
3.52           4.52        296.767              1         64.504
3.53           4.53        297.412              1         64.406
3.54           4.54        298.055              1         64.308
3.55           4.55        298.698              1          64.21
3.56           4.56        299.339              1         64.112
3.57           4.57         299.98              1         64.014
3.58           4.58         300.62              1         63.916
3.59           4.59        301.258              1         63.818
3.6            4.6        301.896              1          63.72
3.61           4.61        302.533              1         63.622
3.62           4.62        303.168              1         63.524
3.63           4.63        303.803              1         63.426
3.64           4.64        304.437              1         63.328
3.65           4.65         305.07              1          63.23
3.66           4.66        305.702              1         63.132
3.67           4.67        306.332              1         63.034
3.68           4.68        306.962              1         62.936
3.69           4.69        307.591              1         62.838
3.7            4.7        308.219              1          62.74
3.71           4.71        308.846              1         62.642
3.72           4.72        309.472              1         62.544
3.73           4.73        310.097              1         62.446
3.74           4.74        310.721              1         62.348
3.75           4.75        311.344              1          62.25
3.76           4.76        311.966              1         62.152
3.77           4.77        312.587              1         62.054
3.78           4.78        313.207              1         61.956
3.79           4.79        313.826              1         61.858
3.8            4.8        314.444              1          61.76
3.81           4.81        315.061              1         61.662
3.82           4.82        315.677              1         61.564
3.83           4.83        316.292              1         61.466
3.84           4.84        316.907              1         61.368
3.85           4.85         317.52              1          61.27
3.86           4.86        318.132              1         61.172
3.87           4.87        318.743              1         61.074
3.88           4.88        319.353              1         60.976
3.89           4.89        319.963              1         60.878
3.9            4.9        320.571              1          60.78
3.91           4.91        321.178              1         60.682
3.92           4.92        321.785              1         60.584
3.93           4.93         322.39              1         60.486
3.94           4.94        322.994              1         60.388
3.95           4.95        323.598              1          60.29
3.96           4.96          324.2              1         60.192
3.97           4.97        324.802              1         60.094
3.98           4.98        325.402              1         59.996
3.99           4.99        326.002              1         59.898
4              5          326.6              1           59.8
4.01           5.01        327.198              1         59.702
4.02           5.02        327.794              1         59.604
4.03           5.03         328.39              1         59.506
4.04           5.04        328.984              1         59.408
4.05           5.05        329.578              1          59.31
4.06           5.06         330.17              1         59.212
4.07           5.07        330.762              1         59.114
4.08           5.08        331.353              1         59.016
4.09           5.09        331.942              1         58.918
4.1            5.1        332.531              1          58.82
4.11           5.11        333.119              1         58.722
4.12           5.12        333.705              1         58.624
4.13           5.13        334.291              1         58.526
4.14           5.14        334.876              1         58.428
4.15           5.15         335.46              1          58.33
4.16           5.16        336.043              1         58.232
4.17           5.17        336.624              1         58.134
4.18           5.18        337.205              1         58.036
4.19           5.19        337.785              1         57.938
4.2            5.2        338.364              1          57.84
4.21           5.21        338.942              1         57.742
4.22           5.22        339.519              1         57.644
4.23           5.23        340.095              1         57.546
4.24           5.24         340.67              1         57.448
4.25           5.25        341.244              1          57.35
4.26           5.26        341.817              1         57.252
4.27           5.27        342.389              1         57.154
4.28           5.28         342.96              1         57.056
4.29           5.29         343.53              1         56.958
4.3            5.3        344.099              1          56.86
4.31           5.31        344.667              1         56.762
4.32           5.32        345.234              1         56.664
4.33           5.33          345.8              1         56.566
4.34           5.34        346.366              1         56.468
4.35           5.35         346.93              1          56.37
4.36           5.36        347.493              1         56.272
4.37           5.37        348.055              1         56.174
4.38           5.38        348.616              1         56.076
4.39           5.39        349.177              1         55.978
4.4            5.4        349.736              1          55.88
4.41           5.41        350.294              1         55.782
4.42           5.42        350.852              1         55.684
4.43           5.43        351.408              1         55.586
4.44           5.44        351.963              1         55.488
4.45           5.45        352.518              1          55.39
4.46           5.46        353.071              1         55.292
4.47           5.47        353.624              1         55.194
4.48           5.48        354.175              1         55.096
4.49           5.49        354.726              1         54.998
4.5            5.5        355.275              1           54.9
4.51           5.51        355.824              1         54.802
4.52           5.52        356.371              1         54.704
4.53           5.53        356.918              1         54.606
4.54           5.54        357.463              1         54.508
4.55           5.55        358.008              1          54.41
4.56           5.56        358.551              1         54.312
4.57           5.57        359.094              1         54.214
4.58           5.58        359.636              1         54.116
4.59           5.59        360.176              1         54.018
4.6            5.6        360.716              1          53.92
4.61           5.61        361.255              1         53.822
4.62           5.62        361.792              1         53.724
4.63           5.63        362.329              1         53.626
4.64           5.64        362.865              1         53.528
4.65           5.65          363.4              1          53.43
4.66           5.66        363.934              1         53.332
4.67           5.67        364.466              1         53.234
4.68           5.68        364.998              1         53.136
4.69           5.69        365.529              1         53.038
4.7            5.7        366.059              1          52.94
4.71           5.71        366.588              1         52.842
4.72           5.72        367.116              1         52.744
4.73           5.73        367.643              1         52.646
4.74           5.74        368.169              1         52.548
4.75           5.75        368.694              1          52.45
4.76           5.76        369.218              1         52.352
4.77           5.77        369.741              1         52.254
4.78           5.78        370.263              1         52.156
4.79           5.79        370.784              1         52.058
4.8            5.8        371.304              1          51.96
4.81           5.81        371.823              1         51.862
4.82           5.82        372.341              1         51.764
4.83           5.83        372.858              1         51.666
4.84           5.84        373.375              1         51.568
4.85           5.85         373.89              1          51.47
4.86           5.86        374.404              1         51.372
4.87           5.87        374.917              1         51.274
4.88           5.88        375.429              1         51.176
4.89           5.89        375.941              1         51.078
4.9            5.9        376.451              1          50.98
4.91           5.91         376.96              1         50.882
4.92           5.92        377.469              1         50.784
4.93           5.93        377.976              1         50.686
4.94           5.94        378.482              1         50.588
4.95           5.95        378.988              1          50.49
4.96           5.96        379.492              1         50.392
4.97           5.97        379.996              1         50.294
4.98           5.98        380.498              1         50.196
4.99           5.99            381              1         50.098
5              6          381.5              1             50
5.01           6.01            382              1         49.902
5.02           6.02        382.498              1         49.804
5.03           6.03        382.996              1         49.706
5.04           6.04        383.492              1         49.608
5.05           6.05        383.988              1          49.51
5.06           6.06        384.482              1         49.412
5.07           6.07        384.976              1         49.314
5.08           6.08        385.469              1         49.216
5.09           6.09         385.96              1         49.118
5.1            6.1        386.451              1          49.02
5.11           6.11        386.941              1         48.922
5.12           6.12        387.429              1         48.824
5.13           6.13        387.917              1         48.726
5.14           6.14        388.404              1         48.628
5.15           6.15         388.89              1          48.53
5.16           6.16        389.375              1         48.432
5.17           6.17        389.858              1         48.334
5.18           6.18        390.341              1         48.236
5.19           6.19        390.823              1         48.138
5.2            6.2        391.304              1          48.04
5.21           6.21        391.784              1         47.942
5.22           6.22        392.263              1         47.844
5.23           6.23        392.741              1         47.746
5.24           6.24        393.218              1         47.648
5.25           6.25        393.694              1          47.55
5.26           6.26        394.169              1         47.452
5.27           6.27        394.643              1         47.354
5.28           6.28        395.116              1         47.256
5.29           6.29        395.588              1         47.158
5.3            6.3        396.059              1          47.06
5.31           6.31        396.529              1         46.962
5.32           6.32        396.998              1         46.864
5.33           6.33        397.466              1         46.766
5.34           6.34        397.934              1         46.668
5.35           6.35          398.4              1          46.57
5.36           6.36        398.865              1         46.472
5.37           6.37        399.329              1         46.374
5.38           6.38        399.792              1         46.276
5.39           6.39        400.255              1         46.178
5.4            6.4        400.716              1          46.08
5.41           6.41        401.176              1         45.982
5.42           6.42        401.636              1         45.884
5.43           6.43        402.094              1         45.786
5.44           6.44        402.551              1         45.688
5.45           6.45        403.008              1          45.59
5.46           6.46        403.463              1         45.492
5.47           6.47        403.918              1         45.394
5.48           6.48        404.371              1         45.296
5.49           6.49        404.824              1         45.198
5.5            6.5        405.275              1           45.1
5.51           6.51        405.726              1         45.002
5.52           6.52        406.175              1         44.904
5.53           6.53        406.624              1         44.806
5.54           6.54        407.071              1         44.708
5.55           6.55        407.518              1          44.61
5.56           6.56        407.963              1         44.512
5.57           6.57        408.408              1         44.414
5.58           6.58        408.852              1         44.316
5.59           6.59        409.294              1         44.218
5.6            6.6        409.736              1          44.12
5.61           6.61        410.177              1         44.022
5.62           6.62        410.616              1         43.924
5.63           6.63        411.055              1         43.826
5.64           6.64        411.493              1         43.728
5.65           6.65         411.93              1          43.63
5.66           6.66        412.366              1         43.532
5.67           6.67          412.8              1         43.434
5.68           6.68        413.234              1         43.336
5.69           6.69        413.667              1         43.238
5.7            6.7        414.099              1          43.14
5.71           6.71         414.53              1         43.042
5.72           6.72         414.96              1         42.944
5.73           6.73        415.389              1         42.846
5.74           6.74        415.817              1         42.748
5.75           6.75        416.244              1          42.65
5.76           6.76         416.67              1         42.552
5.77           6.77        417.095              1         42.454
5.78           6.78        417.519              1         42.356
5.79           6.79        417.942              1         42.258
5.8            6.8        418.364              1          42.16
5.81           6.81        418.785              1         42.062
5.82           6.82        419.205              1         41.964
5.83           6.83        419.624              1         41.866
5.84           6.84        420.043              1         41.768
5.85           6.85         420.46              1          41.67
5.86           6.86        420.876              1         41.572
5.87           6.87        421.291              1         41.474
5.88           6.88        421.705              1         41.376
5.89           6.89        422.119              1         41.278
5.9            6.9        422.531              1          41.18
5.91           6.91        422.942              1         41.082
5.92           6.92        423.353              1         40.984
5.93           6.93        423.762              1         40.886
5.94           6.94         424.17              1         40.788
5.95           6.95        424.578              1          40.69
5.96           6.96        424.984              1         40.592
5.97           6.97         425.39              1         40.494
5.98           6.98        425.794              1         40.396
5.99           6.99        426.198              1         40.298
6              7          426.6              1           40.2
6.01           7.01        427.002              1         40.102
6.02           7.02        427.402              1         40.004
6.03           7.03        427.802              1         39.906
6.04           7.04          428.2              1         39.808
6.05           7.05        428.598              1          39.71
6.06           7.06        428.994              1         39.612
6.07           7.07         429.39              1         39.514
6.08           7.08        429.785              1         39.416
6.09           7.09        430.178              1         39.318
6.1            7.1        430.571              1          39.22
6.11           7.11        430.963              1         39.122
6.12           7.12        431.353              1         39.024
6.13           7.13        431.743              1         38.926
6.14           7.14        432.132              1         38.828
6.15           7.15         432.52              1          38.73
6.16           7.16        432.907              1         38.632
6.17           7.17        433.292              1         38.534
6.18           7.18        433.677              1         38.436
6.19           7.19        434.061              1         38.338
6.2            7.2        434.444              1          38.24
6.21           7.21        434.826              1         38.142
6.22           7.22        435.207              1         38.044
6.23           7.23        435.587              1         37.946
6.24           7.24        435.966              1         37.848
6.25           7.25        436.344              1          37.75
6.26           7.26        436.721              1         37.652
6.27           7.27        437.097              1         37.554
6.28           7.28        437.472              1         37.456
6.29           7.29        437.846              1         37.358
6.3            7.3        438.219              1          37.26
6.31           7.31        438.591              1         37.162
6.32           7.32        438.962              1         37.064
6.33           7.33        439.332              1         36.966
6.34           7.34        439.702              1         36.868
6.35           7.35         440.07              1          36.77
6.36           7.36        440.437              1         36.672
6.37           7.37        440.803              1         36.574
6.38           7.38        441.168              1         36.476
6.39           7.39        441.533              1         36.378
6.4            7.4        441.896              1          36.28
6.41           7.41        442.258              1         36.182
6.42           7.42         442.62              1         36.084
6.43           7.43         442.98              1         35.986
6.44           7.44        443.339              1         35.888
6.45           7.45        443.698              1          35.79
6.46           7.46        444.055              1         35.692
6.47           7.47        444.412              1         35.594
6.48           7.48        444.767              1         35.496
6.49           7.49        445.122              1         35.398
6.5            7.5        445.475              1           35.3
6.51           7.51        445.828              1         35.202
6.52           7.52        446.179              1         35.104
6.53           7.53         446.53              1         35.006
6.54           7.54        446.879              1         34.908
6.55           7.55        447.228              1          34.81
6.56           7.56        447.575              1         34.712
6.57           7.57        447.922              1         34.614
6.58           7.58        448.268              1         34.516
6.59           7.59        448.612              1         34.418
6.6            7.6        448.956              1          34.32
6.61           7.61        449.299              1         34.222
6.62           7.62         449.64              1         34.124
6.63           7.63        449.981              1         34.026
6.64           7.64        450.321              1         33.928
6.65           7.65         450.66              1          33.83
6.66           7.66        450.998              1         33.732
6.67           7.67        451.334              1         33.634
6.68           7.68         451.67              1         33.536
6.69           7.69        452.005              1         33.438
6.7            7.7        452.339              1          33.34
6.71           7.71        452.672              1         33.242
6.72           7.72        453.004              1         33.144
6.73           7.73        453.335              1         33.046
6.74           7.74        453.665              1         32.948
6.75           7.75        453.994              1          32.85
6.76           7.76        454.322              1         32.752
6.77           7.77        454.649              1         32.654
6.78           7.78        454.975              1         32.556
6.79           7.79          455.3              1         32.458
6.8            7.8        455.624              1          32.36
6.81           7.81        455.947              1         32.262
6.82           7.82        456.269              1         32.164
6.83           7.83         456.59              1         32.066
6.84           7.84        456.911              1         31.968
6.85           7.85         457.23              1          31.87
6.86           7.86        457.548              1         31.772
6.87           7.87        457.865              1         31.674
6.88           7.88        458.181              1         31.576
6.89           7.89        458.497              1         31.478
6.9            7.9        458.811              1          31.38
6.91           7.91        459.124              1         31.282
6.92           7.92        459.437              1         31.184
6.93           7.93        459.748              1         31.086
6.94           7.94        460.058              1         30.988
6.95           7.95        460.368              1          30.89
6.96           7.96        460.676              1         30.792
6.97           7.97        460.984              1         30.694
6.98           7.98         461.29              1         30.596
6.99           7.99        461.596              1         30.498
7              8          461.9              1           30.4
7.01           8.01        462.204              1         30.302
7.02           8.02        462.506              1         30.204
7.03           8.03        462.808              1         30.106
7.04           8.04        463.108              1         30.008
7.05           8.05        463.408              1          29.91
7.06           8.06        463.706              1         29.812
7.07           8.07        464.004              1         29.714
7.08           8.08        464.301              1         29.616
7.09           8.09        464.596              1         29.518
7.1            8.1        464.891              1          29.42
7.11           8.11        465.185              1         29.322
7.12           8.12        465.477              1         29.224
7.13           8.13        465.769              1         29.126
7.14           8.14         466.06              1         29.028
7.15           8.15         466.35              1          28.93
7.16           8.16        466.639              1         28.832
7.17           8.17        466.926              1         28.734
7.18           8.18        467.213              1         28.636
7.19           8.19        467.499              1         28.538
7.2            8.2        467.784              1          28.44
7.21           8.21        468.068              1         28.342
7.22           8.22        468.351              1         28.244
7.23           8.23        468.633              1         28.146
7.24           8.24        468.914              1         28.048
7.25           8.25        469.194              1          27.95
7.26           8.26        469.473              1         27.852
7.27           8.27        469.751              1         27.754
7.28           8.28        470.028              1         27.656
7.29           8.29        470.304              1         27.558
7.3            8.3        470.579              1          27.46
7.31           8.31        470.853              1         27.362
7.32           8.32        471.126              1         27.264
7.33           8.33        471.398              1         27.166
7.34           8.34         471.67              1         27.068
7.35           8.35         471.94              1          26.97
7.36           8.36        472.209              1         26.872
7.37           8.37        472.477              1         26.774
7.38           8.38        472.744              1         26.676
7.39           8.39        473.011              1         26.578
7.4            8.4        473.276              1          26.48
7.41           8.41         473.54              1         26.382
7.42           8.42        473.804              1         26.284
7.43           8.43        474.066              1         26.186
7.44           8.44        474.327              1         26.088
7.45           8.45        474.588              1          25.99
7.46           8.46        474.847              1         25.892
7.47           8.47        475.106              1         25.794
7.48           8.48        475.363              1         25.696
7.49           8.49         475.62              1         25.598
7.5            8.5        475.875              1           25.5
7.51           8.51         476.13              1         25.402
7.52           8.52        476.383              1         25.304
7.53           8.53        476.636              1         25.206
7.54           8.54        476.887              1         25.108
7.55           8.55        477.138              1          25.01
7.56           8.56        477.387              1         24.912
7.57           8.57        477.636              1         24.814
7.58           8.58        477.884              1         24.716
7.59           8.59         478.13              1         24.618
7.6            8.6        478.376              1          24.52
7.61           8.61        478.621              1         24.422
7.62           8.62        478.864              1         24.324
7.63           8.63        479.107              1         24.226
7.64           8.64        479.349              1         24.128
7.65           8.65         479.59              1          24.03
7.66           8.66         479.83              1         23.932
7.67           8.67        480.068              1         23.834
7.68           8.68        480.306              1         23.736
7.69           8.69        480.543              1         23.638
7.7            8.7        480.779              1          23.54
7.71           8.71        481.014              1         23.442
7.72           8.72        481.248              1         23.344
7.73           8.73        481.481              1         23.246
7.74           8.74        481.713              1         23.148
7.75           8.75        481.944              1          23.05
7.76           8.76        482.174              1         22.952
7.77           8.77        482.403              1         22.854
7.78           8.78        482.631              1         22.756
7.79           8.79        482.858              1         22.658
7.8            8.8        483.084              1          22.56
7.81           8.81        483.309              1         22.462
7.82           8.82        483.533              1         22.364
7.83           8.83        483.756              1         22.266
7.84           8.84        483.979              1         22.168
7.85           8.85          484.2              1          22.07
7.86           8.86         484.42              1         21.972
7.87           8.87        484.639              1         21.874
7.88           8.88        484.857              1         21.776
7.89           8.89        485.075              1         21.678
7.9            8.9        485.291              1          21.58
7.91           8.91        485.506              1         21.482
7.92           8.92        485.721              1         21.384
7.93           8.93        485.934              1         21.286
7.94           8.94        486.146              1         21.188
7.95           8.95        486.358              1          21.09
7.96           8.96        486.568              1         20.992
7.97           8.97        486.778              1         20.894
7.98           8.98        486.986              1         20.796
7.99           8.99        487.194              1         20.698
8              9          487.4              1           20.6
8.01           9.01        487.606              1         20.502
8.02           9.02         487.81              1         20.404
8.03           9.03        488.014              1         20.306
8.04           9.04        488.216              1         20.208
8.05           9.05        488.418              1          20.11
8.06           9.06        488.618              1         20.012
8.07           9.07        488.818              1         19.914
8.08           9.08        489.017              1         19.816
8.09           9.09        489.214              1         19.718
8.1            9.1        489.411              1          19.62
8.11           9.11        489.607              1         19.522
8.12           9.12        489.801              1         19.424
8.13           9.13        489.995              1         19.326
8.14           9.14        490.188              1         19.228
8.15           9.15         490.38              1          19.13
8.16           9.16        490.571              1         19.032
8.17           9.17         490.76              1         18.934
8.18           9.18        490.949              1         18.836
8.19           9.19        491.137              1         18.738
8.2            9.2        491.324              1          18.64
8.21           9.21         491.51              1         18.542
8.22           9.22        491.695              1         18.444
8.23           9.23        491.879              1         18.346
8.24           9.24        492.062              1         18.248
8.25           9.25        492.244              1          18.15
8.26           9.26        492.425              1         18.052
8.27           9.27        492.605              1         17.954
8.28           9.28        492.784              1         17.856
8.29           9.29        492.962              1         17.758
8.3            9.3        493.139              1          17.66
8.31           9.31        493.315              1         17.562
8.32           9.32         493.49              1         17.464
8.33           9.33        493.664              1         17.366
8.34           9.34        493.838              1         17.268
8.35           9.35         494.01              1          17.17
8.36           9.36        494.181              1         17.072
8.37           9.37        494.351              1         16.974
8.38           9.38         494.52              1         16.876
8.39           9.39        494.689              1         16.778
8.4            9.4        494.856              1          16.68
8.41           9.41        495.022              1         16.582
8.42           9.42        495.188              1         16.484
8.43           9.43        495.352              1         16.386
8.44           9.44        495.515              1         16.288
8.45           9.45        495.678              1          16.19
8.46           9.46        495.839              1         16.092
8.47           9.47            496              1         15.994
8.48           9.48        496.159              1         15.896
8.49           9.49        496.318              1         15.798
8.5            9.5        496.475              1           15.7
8.51           9.51        496.632              1         15.602
8.52           9.52        496.787              1         15.504
8.53           9.53        496.942              1         15.406
8.54           9.54        497.095              1         15.308
8.55           9.55        497.248              1          15.21
8.56           9.56        497.399              1         15.112
8.57           9.57         497.55              1         15.014
8.58           9.58          497.7              1         14.916
8.59           9.59        497.848              1         14.818
8.6            9.6        497.996              1          14.72
8.61           9.61        498.143              1         14.622
8.62           9.62        498.288              1         14.524
8.63           9.63        498.433              1         14.426
8.64           9.64        498.577              1         14.328
8.65           9.65         498.72              1          14.23
8.66           9.66        498.862              1         14.132
8.67           9.67        499.002              1         14.034
8.68           9.68        499.142              1         13.936
8.69           9.69        499.281              1         13.838
8.7            9.7        499.419              1          13.74
8.71           9.71        499.556              1         13.642
8.72           9.72        499.692              1         13.544
8.73           9.73        499.827              1         13.446
8.74           9.74        499.961              1         13.348
8.75           9.75        500.094              1          13.25
8.76           9.76        500.226              1         13.152
8.77           9.77        500.357              1         13.054
8.78           9.78        500.487              1         12.956
8.79           9.79        500.616              1         12.858
8.8            9.8        500.744              1          12.76
8.81           9.81        500.871              1         12.662
8.82           9.82        500.997              1         12.564
8.83           9.83        501.122              1         12.466
8.84           9.84        501.247              1         12.368
8.85           9.85         501.37              1          12.27
8.86           9.86        501.492              1         12.172
8.87           9.87        501.613              1         12.074
8.88           9.88        501.733              1         11.976
8.89           9.89        501.853              1         11.878
8.9            9.9        501.971              1          11.78
8.91           9.91        502.088              1         11.682
8.92           9.92        502.205              1         11.584
8.93           9.93         502.32              1         11.486
8.94           9.94        502.434              1         11.388
8.95           9.95        502.548              1          11.29
8.96           9.96         502.66              1         11.192
8.97           9.97        502.772              1         11.094
8.98           9.98        502.882              1         10.996
8.99           9.99        502.992              1         10.898
9             10          503.1              1           10.8
9.01          10.01        503.208              1         10.702
9.02          10.02        503.314              1         10.604
9.03          10.03         503.42              1         10.506
9.04          10.04        503.524              1         10.408
9.05          10.05        503.628              1          10.31
9.06          10.06         503.73              1         10.212
9.07          10.07        503.832              1         10.114
9.08          10.08        503.933              1         10.016
9.09          10.09        504.032              1          9.918
9.1           10.1        504.131              1           9.82
9.11          10.11        504.229              1          9.722
9.12          10.12        504.325              1          9.624
9.13          10.13        504.421              1          9.526
9.14          10.14        504.516              1          9.428
9.15          10.15         504.61              1           9.33
9.16          10.16        504.703              1          9.232
9.17          10.17        504.794              1          9.134
9.18          10.18        504.885              1          9.036
9.19          10.19        504.975              1          8.938
9.2           10.2        505.064              1           8.84
9.21          10.21        505.152              1          8.742
9.22          10.22        505.239              1          8.644
9.23          10.23        505.325              1          8.546
9.24          10.24         505.41              1          8.448
9.25          10.25        505.494              1           8.35
9.26          10.26        505.577              1          8.252
9.27          10.27        505.659              1          8.154
9.28          10.28         505.74              1          8.056
9.29          10.29         505.82              1          7.958
9.3           10.3        505.899              1           7.86
9.31          10.31        505.977              1          7.762
9.32          10.32        506.054              1          7.664
9.33          10.33         506.13              1          7.566
9.34          10.34        506.206              1          7.468
9.35          10.35         506.28              1           7.37
9.36          10.36        506.353              1          7.272
9.37          10.37        506.425              1          7.174
9.38          10.38        506.496              1          7.076
9.39          10.39        506.567              1          6.978
9.4           10.4        506.636              1           6.88
9.41          10.41        506.704              1          6.782
9.42          10.42        506.772              1          6.684
9.43          10.43        506.838              1          6.586
9.44          10.44        506.903              1          6.488
9.45          10.45        506.968              1           6.39
9.46          10.46        507.031              1          6.292
9.47          10.47        507.094              1          6.194
9.48          10.48        507.155              1          6.096
9.49          10.49        507.216              1          5.998
9.5           10.5        507.275              1            5.9
9.51          10.51        507.334              1          5.802
9.52          10.52        507.391              1          5.704
9.53          10.53        507.448              1          5.606
9.54          10.54        507.503              1          5.508
9.55          10.55        507.558              1           5.41
9.56          10.56        507.611              1          5.312
9.57          10.57        507.664              1          5.214
9.58          10.58        507.716              1          5.116
9.59          10.59        507.766              1          5.018
9.6           10.6        507.816              1           4.92
9.61          10.61        507.865              1          4.822
9.62          10.62        507.912              1          4.724
9.63          10.63        507.959              1          4.626
9.64          10.64        508.005              1          4.528
9.65          10.65         508.05              1           4.43
9.66          10.66        508.094              1          4.332
9.67          10.67        508.136              1          4.234
9.68          10.68        508.178              1          4.136
9.69          10.69        508.219              1          4.038
9.7           10.7        508.259              1           3.94
9.71          10.71        508.298              1          3.842
9.72          10.72        508.336              1          3.744
9.73          10.73        508.373              1          3.646
9.74          10.74        508.409              1          3.548
9.75          10.75        508.444              1           3.45
9.76          10.76        508.478              1          3.352
9.77          10.77        508.511              1          3.254
9.78          10.78        508.543              1          3.156
9.79          10.79        508.574              1          3.058
9.8           10.8        508.604              1           2.96
9.81          10.81        508.633              1          2.862
9.82          10.82        508.661              1          2.764
9.83          10.83        508.688              1          2.666
9.84          10.84        508.715              1          2.568
9.85          10.85         508.74              1           2.47
9.86          10.86        508.764              1          2.372
9.87          10.87        508.787              1          2.274
9.88          10.88        508.809              1          2.176
9.89          10.89        508.831              1          2.078
9.9           10.9        508.851              1           1.98
9.91          10.91         508.87              1          1.882
9.92          10.92        508.889              1          1.784
9.93          10.93        508.906              1          1.686
9.94          10.94        508.922              1          1.588
9.95          10.95        508.938              1           1.49
9.96          10.96        508.952              1          1.392
9.97          10.97        508.966              1          1.294
9.98          10.98        508.978              1          1.196
9.99          10.99         508.99              1          1.098
